30 115 50
1 2
1 3
1 4
1 5
1 6
1 7
1 8
1 9
1 10
1 11
2 3
2 4
2 5
2 6
2 7
2 8
2 9
2 10
2 11
3 4
3 5
3 6
3 7
3 8
3 9
3 10
3 11
4 5
4 6
4 7
4 8
4 9
4 10
4 11
5 6
5 7
5 8
5 9
5 10
5 11
6 7
6 8
6 9
6 10
6 11
7 8
7 9
7 10
7 11
8 9
8 10
8 11
9 10
9 11
10 11
11 12
12 13
13 14
14 15
15 16
16 17
17 18
18 19
19 20
20 21
21 22
22 23
23 24
24 25
25 26
26 27
27 28
28 29
29 30
30 1
1 13
2 14
3 15
4 16
5 17
6 18
7 19
8 20
9 21
10 22
11 23
12 24
13 25
14 26
15 27
16 28
17 29
18 30
19 1
20 2
21 3
22 4
23 5
24 6
25 7
26 8
27 9
28 10
29 11
30 12
1 12
2 13
3 14
4 15
5 16
6 17
7 18
8 19
9 20
10 21
10
1 2
2 3
3 4
4 5
5 6
6 7
7 8
8 9
9 10
10 11
